1 1 1 1 0 1 0
2 1 3 3 0 3 0
3 1 2 2 0 2 0
4 1 2 5 0 4 0
3 2 2 2 0 2 0
4 2 2 5 0 2 0
1 2 1 1 0 1 0
2 2 3 3 0 3 0
3 3 2 2 0 2 0
4 3 2 2 0 2 0
1 3 1 1 0 1 0
2 3 3 3 0 3 0
3 4 2 2 0 2 0
4 4 2 2 0 2 0
1 4 1 1 0 1 0
2 4 3 3 0 3 0
3 5 3 5 0 3 0
4 5 2 2 0 2 0
3 6 3 3 0 3 0
4 6 2 2 0 2 0
1 5 1 1 0 1 0
2 5 2 2 0 2 0
3 7 3 3 0 3 0
4 7 2 2 0 2 0
1 6 1 1 0 1 0
3 8 2 2 0 2 0
2 6 2 2 0 2 0
4 8 2 5 0 2 0
3 9 2 2 0 4 0
1 7 1 1 0 1 0
4 9 2 2 0 2 0
3 10 2 2 0 2 0
2 7 3 3 0 3 0
4 10 2 2 0 2 0
1 8 1 1 0 1 0
3 11 2 2 0 2 0
4 11 2 2 0 2 0
2 8 2 2 0 2 0
1 9 1 1 0 1 0
3 12 2 2 0 4 0
4 12 2 2 0 2 0
3 13 2 2 0 2 0
1 10 1 1 0 1 0
2 9 3 3 0 3 0
4 13 2 2 0 2 0
3 14 2 2 0 2 0
1 11 1 1 0 1 0
4 14 2 2 0 2 0
2 10 2 2 0 2 0
3 15 2 5 0 2 0
4 15 2 2 0 4 0
1 12 1 1 0 1 0
3 16 2 2 0 2 0
2 11 3 3 0 3 0
4 16 2 2 0 2 0
1 13 1 1 0 1 0
3 17 2 2 0 2 0
4 17 2 2 0 2 0
2 12 3 3 0 3 0
3 18 3 3 0 3 0
1 14 3 3 0 3 0
4 18 3 3 0 3 0
3 19 3 3 0 3 0
2 13 2 2 0 2 0
1 15 1 1 0 1 0
4 19 3 3 0 3 0
3 20 3 3 0 3 0
4 20 3 3 0 3 0
1 16 3 3 0 3 0
3 21 3 3 0 3 0
2 14 2 2 0 2 0
4 21 3 3 0 3 0
1 17 3 3 0 3 0
3 22 3 3 0 3 0
4 22 3 3 0 3 0
1 18 3 3 0 3 0
3 23 3 3 0 3 0
2 15 2 2 0 2 0
4 23 2 5 0 2 0
1 19 2 2 0 4 0
3 24 2 5 0 4 0
4 24 2 2 0 2 0
3 25 2 2 0 2 0
2 16 3 3 0 3 0
1 20 3 3 0 1 0
4 25 3 3 0 1 0
3 26 3 3 0 3 0
1 21 3 3 0 3 0
4 26 3 3 0 3 0
2 17 2 2 0 2 0
3 27 3 3 0 3 0
1 22 3 3 0 3 0
4 27 3 3 0 3 0
3 28 3 3 0 3 0
1 23 3 3 0 3 0
4 28 3 3 0 3 0
2 18 2 2 0 2 0
3 29 2 5 0 2 0
4 29 2 2 0 4 0
1 24 1 1 0 1 0
3 30 3 3 0 3 0
4 30 3 3 0 3 0
2 19 2 2 0 2 0
1 25 2 5 0 4 0
3 31 2 2 0 4 0
4 31 2 2 0 2 0
3 32 2 2 0 2 0
2 20 3 3 0 3 0
4 32 2 2 0 2 0
1 26 2 2 0 2 0
3 33 2 2 0 4 0
4 33 2 2 0 2 0
2 21 2 2 0 2 0
