1 1 2 1 0 2 0
2 1 2 2 0 2 0
3 1 2 2 0 2 0
4 1 1 1 0 4 0
5 1 2 5 0 4 0
6 1 2 4 0 1 0
7 1 2 2 0 0 0
8 1 2 5 0 0 0
9 1 3 3 0 3 0
10 1 3 3 0 3 0
11 1 3 3 0 3 0
12 1 3 3 0 3 0
13 1 1 1 0 0 0
14 1 1 4 0 0 0
15 1 1 0 0 1 0
16 1 1 0 0 4 0
17 1 3 3 0 3 0
18 1 3 3 0 3 0
19 1 3 3 0 3 0
20 1 3 3 0 3 0
9 2 3 3 0 3 0
10 2 3 3 0 3 0
11 2 3 3 0 3 0
12 2 3 3 0 3 0
17 2 2 2 0 2 0
18 2 3 3 0 3 0
15 2 1 1 0 1 0
19 2 3 3 0 3 0
20 2 3 3 0 3 0
16 2 1 4 0 0 0
2 2 2 2 0 2 0
8 2 2 5 0 4 0
14 2 1 1 0 1 0
1 2 2 2 0 2 0
9 3 3 3 0 3 0
13 2 1 1 0 1 0
10 3 3 3 0 3 0
7 2 2 5 0 4 0
11 3 3 3 0 3 0
5 2 2 2 0 2 0
12 3 3 3 0 3 0
18 3 3 3 0 3 0
19 3 3 3 0 3 0
20 3 3 3 0 3 0
6 2 2 5 0 4 0
3 2 2 4 0 2 0
17 3 2 1 0 4 0
15 3 1 1 0 1 0
4 2 1 1 0 1 0
16 3 1 1 0 0 0
14 3 1 4 0 1 0
9 4 3 3 0 3 0
8 3 2 2 0 0 0
10 4 3 3 0 3 0
11 4 3 3 0 3 0
13 3 1 1 0 1 0
12 4 3 3 0 3 0
2 3 2 2 0 2 0
18 4 3 3 0 3 0
19 4 3 3 0 3 0
20 4 3 3 0 3 0
7 3 2 5 0 1 0
1 3 2 2 0 2 0
17 4 3 3 0 3 0
15 4 1 1 0 1 0
9 5 3 3 0 3 0
10 5 3 3 0 3 0
4 3 2 2 0 2 0
11 5 3 3 0 3 0
16 4 1 1 0 1 0
5 3 2 5 0 4 0
12 5 3 3 0 3 0
14 4 1 4 0 4 0
18 5 3 3 0 3 0
19 5 3 3 0 3 0
20 5 3 3 0 3 0
13 4 2 1 0 2 0
8 4 2 4 0 2 0
7 4 2 2 0 4 0
17 5 3 3 0 3 0
6 3 2 2 0 2 0
3 3 2 4 0 1 0
15 5 1 1 0 1 0
2 4 2 5 0 4 0
9 6 3 3 0 3 0
10 6 3 3 0 3 0
11 6 3 3 0 3 0
12 6 3 3 0 3 0
18 6 3 3 0 3 0
19 6 3 3 0 3 0
1 4 1 1 0 4 0
20 6 3 3 0 3 0
16 5 1 4 0 0 0
14 5 1 4 0 0 0
13 5 2 2 0 2 0
17 6 2 2 0 2 0
8 5 2 5 0 2 0
7 5 2 2 0 2 0
15 6 1 1 0 1 0
4 4 1 4 0 1 0
9 7 3 3 0 3 0
10 7 3 3 0 3 0
11 7 2 2 0 2 0
12 7 3 3 0 3 0
18 7 2 5 0 4 0
19 7 3 3 0 3 0
20 7 2 2 0 2 0
5 4 1 1 0 4 0
16 6 1 4 0 1 0
6 4 2 2 0 2 0
