1 0 3 3 0 3 0
2 0 2 4 0 -2147483648 0
3 0 4 0 0 -2147483648 0
4 0 1 1 0 4 0
5 0 4 -2147483648 0 0 0
6 0 2 -2147483648 0 1 0
8 0 1 4 0 2 0
9 0 2 -2147483648 0 4 0
10 0 3 3 0 3 0
11 0 2 2 0 -2147483648 0
12 0 2 -2147483648 0 5 0
13 0 1 4 0 1 0
14 0 1 1 0 2 0
15 0 3 0 0 1 0
16 0 1 1 0 4 0
17 0 1 4 0 3 0
18 0 2 0 0 4 0
19 0 3 4 0 4 0
20 0 5 0 0 0 0
1 0 2 0 0 2 0
2 0 2 2 0 4 0
3 0 4 -2147483648 0 0 0
4 0 2 0 0 0 0
5 0 2 0 0 0 0
6 0 5 0 0 0 0
7 0 4 0 0 -2147483648 0
9 0 1 0 0 3 0
10 0 4 0 0 -2147483648 0
11 0 2 2 0 2 0
12 0 4 -2147483648 0 0 0
13 0 4 0 0 -2147483648 0
14 0 2 2 0 0 0
15 0 2 0 0 -2147483648 0
16 0 0 2 0 4 0
17 0 2 5 0 1 0
18 0 0 0 0 2 0
19 0 0 2 0 1 0
20 0 1 1 0 4 0
1 0 4 -2147483648 0 -2147483648 0
2 0 0 2 0 4 0
3 0 1 4 0 4 0
4 0 0 4 0 2 0
5 0 2 -2147483648 0 2 0
6 0 1 1 0 0 0
7 0 4 -2147483648 0 0 0
8 0 0 3 0 0 0
10 0 2 2 0 0 0
11 0 4 0 0 -2147483648 0
13 0 5 0 0 0 0
14 0 2 0 0 5 0
16 0 2 2 0 0 0
17 0 2 0 0 1 0
19 0 0 0 0 2 0
20 0 3 0 0 2 0
1 0 2 2 0 2 0
2 0 4 -2147483648 0 0 0
3 0 2 -2147483648 0 5 0
4 0 1 4 0 1 0
5 0 1 1 0 2 0
6 0 1 2 0 4 0
7 0 1 4 0 1 0
8 0 4 -2147483648 0 0 0
9 0 1 2 0 1 0
10 0 1 1 0 4 0
11 0 2 2 0 -2147483648 0
12 0 2 -2147483648 0 5 0
14 0 1 4 0 2 0
15 0 4 0 0 -2147483648 0
17 0 2 2 0 0 0
18 0 2 0 0 2 0
20 0 2 1 0 0 0
1 0 0 3 0 0 0
2 0 2 4 0 2 0
3 0 6 2 0 0 0
4 0 4 0 0 -2147483648 0
6 0 5 0 0 0 0
7 0 0 3 0 0 0
8 0 2 2 0 1 0
9 0 4 -2147483648 0 0 0
10 0 2 0 0 2 0
11 0 3 2 0 3 0
12 0 2 2 0 0 0
13 0 5 0 0 0 0
15 0 5 0 0 2 0
16 0 5 2 0 1 0
18 0 1 4 0 2 0
19 0 4 -2147483648 0 -2147483648 0
20 0 2 1 0 2 0
1 0 3 0 0 2 0
2 0 1 2 0 1 0
3 0 1 1 0 4 0
4 0 1 4 0 2 0
5 0 4 -2147483648 0 -2147483648 0
7 0 4 -2147483648 0 0 0
8 0 0 3 0 0 0
10 0 2 1 0 0 0
11 0 3 0 0 1 0
12 0 3 1 0 2 0
13 0 0 0 0 3 0
14 0 1 3 0 0 0
15 0 3 3 0 2 0
16 0 4 -2147483648 0 0 0
17 0 4 0 0 -2147483648 0
18 0 3 3 0 3 0
19 0 5 0 0 0 0
20 0 1 2 0 1 0
1 0 2 2 0 4 0
2 0 4 -2147483648 0 0 0
3 0 4 0 0 -2147483648 0
4 0 3 3 0 3 0
5 0 1 4 0 2 0
6 0 4 0 0 -2147483648 0
7 0 3 3 0 3 0
8 0 2 4 0 -2147483648 0
9 0 4 0 0 -2147483648 0
10 0 1 1 0 1 0
11 0 2 1 0 -2147483648 0
12 0 1 2 0 4 0
13 0 2 5 0 4 0
14 0 5 4 0 0 0
15 0 2 -2147483648 0 5 0
16 0 2 5 0 1 0
17 0 5 1 0 0 0
18 0 2 0 0 2 0
19 0 3 2 0 1 0
20 0 2 1 0 0 0
1 0 1 3 0 0 0
3 0 5 0 0 0 0
4 0 2 0 0 2 0
6 0 2 4 0 0 0
7 0 0 3 0 0 0
8 0 3 4 0 1 0
9 0 5 0 0 0 0
10 0 1 3 0 0 0
11 0 2 5 0 4 0
12 0 1 0 0 3 0
13 0 0 3 0 0 0
15 0 4 -2147483648 0 -2147483648 0
16 0 0 2 0 0 0
18 0 0 4 0 2 0
19 0 -2147483648 2 0 0 0
1 0 3 0 0 2 0
2 0 0 2 0 4 0
4 0 5 1 0 2 0
5 0 4 -2147483648 0 -2147483648 0
6 0 2 4 0 2 0
7 0 1 1 0 3 0
8 0 3 0 0 3 0
9 0 3 3 0 1 0
10 0 4 -2147483648 0 0 0
11 0 3 0 0 2 0
12 0 3 2 0 3 0
13 0 2 4 0 0 0
14 0 1 3 0 0 0
15 0 3 1 0 3 0
16 0 4 -2147483648 0 0 0
17 0 1 3 0 0 0
19 0 4 -2147483648 0 0 0
20 0 2 -2147483648 0 4 0
2 0 2 1 0 -2147483648 0
3 0 2 -2147483648 0 2 0
4 0 2 2 0 1 0
5 0 4 -2147483648 0 0 0
6 0 1 2 0 1 0
8 0 1 4 0 2 0
9 0 2 -2147483648 0 1 0
11 0 2 2 0 -2147483648 0
12 0 1 2 0 1 0
13 0 3 3 0 3 0
14 0 1 4 0 2 0
15 0 4 0 0 -2147483648 0
16 0 1 4 0 1 0
17 0 5 1 0 0 0
18 0 2 0 0 4 0
19 0 3 4 0 3 0
20 0 5 0 0 0 0
1 0 5 0 0 0 0
2 0 3 3 0 2 0
3 0 4 -2147483648 0 0 0
4 0 2 0 0 2 0
5 0 2 2 0 2 0
6 0 2 2 0 0 0
7 0 5 0 0 0 0
8 0 2 0 0 0 0
9 0 5 0 0 0 0
10 0 0 3 0 0 0
11 0 2 5 0 0 0
12 0 1 0 0 3 0
13 0 4 0 0 -2147483648 0
14 0 2 2 0 2 0
15 0 4 -2147483648 0 -2147483648 0
16 0 5 2 0 0 0
17 0 2 1 0 2 0
18 0 3 0 0 2 0
19 0 1 2 0 0 0
20 0 2 1 0 4 0
1 0 3 0 0 2 0
2 0 -2147483648 2 0 0 0
4 0 1 0 0 2 0
5 0 3 2 0 0 0
6 0 2 1 0 4 0
7 0 3 0 0 0 0
8 0 -2147483648 3 0 0 0
9 0 3 1 0 3 0
10 0 4 -2147483648 0 0 0
11 0 1 3 0 0 0
13 0 2 2 0 0 0
14 0 4 0 0 -2147483648 0
15 0 3 3 0 2 0
16 0 5 0 0 0 0
17 0 1 3 0 0 0
18 0 2 4 0 2 0
19 0 5 0 0 0 0
20 0 4 0 0 -2147483648 0
1 0 1 1 0 4 0
2 0 1 4 0 2 0
3 0 1 2 0 4 0
4 0 3 3 0 3 0
5 0 2 4 0 -2147483648 0
6 0 4 0 0 -2147483648 0
7 0 2 2 0 2 0
8 0 4 -2147483648 0 0 0
9 0 2 -2147483648 0 2 0
10 0 2 2 0 4 0
11 0 4 -2147483648 0 0 0
12 0 4 0 0 -2147483648 0
14 0 5 4 0 0 0
15 0 2 -2147483648 0 2 0
16 0 2 2 0 1 0
17 0 4 -2147483648 0 0 0
18 0 1 3 0 0 0
19 0 3 1 0 4 0
2