1   4.00  30.00 5000.00      Natovor 1
1   0.000000000000001  50.00 50.00      Natovor 2
1   0.000000000000001   0.000000000000001 40000.00      Natovor 3
1   40.00  3.00 4000.00      Natovor 4
1   0.000000000000001  40.00 7000.00      Natovor 5
1   0.000000000000001  40.00 0.000000000000001      Natovor 6
1   67.0  0.000000000000001 0.000000000000001      Natovor 7
1   45.0  40.00 7000.00      Natovor 8
1   0.000000000000001  0.000000000000001 7000.00      Natovor 9
2   10.00  30.00 10.00      Raztovor 1 
2   0.000000000000001  50.00 5000.00      Raztovor 2
