 90.00 100.00   2.00  38.00 15000.00 1   0.000000000000001   0.000000000000001  10.00   0.000000000000001   0.000000000000001  10.00   1.04   1.01        Priklopnik 1
 90.00 100.00   2.00  38.00 15000.00 1   0.000000000000001   0.000000000000001  10.00   0.000000000000001   0.000000000000001  10.00   1.04   1.01        Priklopnik 2
 80.00  90.00   2.00  50.00 20000.00 1   0.000000000000001   0.000000000000001  10.00   0.000000000000001   0.000000000000001  10.00   1.13   1.04        Polpriklopnik 1
 80.00  90.00   2.00  50.00 20000.00 1   0.000000000000001   0.000000000000001  10.00   0.000000000000001   0.000000000000001  10.00   1.13   1.04        Polpriklopnik 2
 80.00  90.00   2.00  50.00 20000.00 1   0.000000000000001   0.000000000000001  10.00   0.000000000000001   0.000000000000001  10.00   1.13   1.04        Polpriklopnik 3
 80.00  90.00   2.00  50.00 20000.00 1   0.000000000000001   0.000000000000001  10.00   0.000000000000001   0.000000000000001  10.00   1.13   1.04        Polpriklopnik 4
100.00 100.00   0.00  12.00 5000.00 1   0.000000000000001  20.00  10.00   0.000000000000001  20.00  10.00   1.01   1.01        Tovornjak 1
100.00 100.00   0.00  12.00 5000.00 1   0.000000000000001  20.00  10.00   0.000000000000001  20.00  10.00   1.01   1.01        Tovornjak 2
100.00 100.00   0.00  12.00 5000.00 1   0.000000000000001  20.00  10.00   0.000000000000001  20.00  10.00   1.01   1.01        Tovornjak 3
100.00 100.00   0.00  12.00 5000.00 1   0.000000000000001  20.00  10.00   0.000000000000001  20.00  10.00   1.01   1.01        Tovornjak 4
100.00 100.00   0.00  12.00 5000.00 1   0.000000000000001  20.00  10.00   0.000000000000001  20.00  10.00   1.01   1.01        Tovornjak 5
100.00 100.00   0.00  12.00 5000.00 1   0.000000000000001  20.00  10.00   0.000000000000001  20.00  10.00   1.01   1.01        Tovornjak 6
100.00 100.00   1.00   8.00  10.00 1   2.00   0.000000000000001  10.00   2.00   0.000000000000001  10.00   1.01   1.01        SpecZaboj 1
100.00 100.00   1.00   8.00  10.00 1   2.00   0.000000000000001  10.00   2.00   0.000000000000001  10.00   1.01   1.01        SpecZaboj 2
100.00 100.00   1.00   8.00  10.00 1   2.00   0.000000000000001  10.00   2.00   0.000000000000001  10.00   1.01   1.01        SpecZaboj 3
100.00 100.00   1.00   8.00  10.00 1   2.00   0.000000000000001  10.00   2.00   0.000000000000001  10.00   1.01   1.01        SpecZaboj 4
100.00 110.00   0.00   8.00 3000.00 1   0.000000000000001   0.000000000000001  10.00   0.000000000000001   0.000000000000001  10.00   1.01   0.98        Manjsi 1
100.00 110.00   0.00   8.00 3000.00 1   0.000000000000001   0.000000000000001  10.00   0.000000000000001   0.000000000000001  10.00   1.01   0.98        Manjsi 2
100.00 110.00   0.00   8.00 3000.00 1   0.000000000000001   0.000000000000001  10.00   0.000000000000001   0.000000000000001  10.00   1.01   0.98        Manjsi 3
100.00 110.00   0.00   8.00 3000.00 1   0.000000000000001   0.000000000000001  10.00   0.000000000000001   0.000000000000001  10.00   1.01   0.98        Manjsi 4
